71 1501
0 1
0 4
0 7
0 10
0 13
0 16
0 19
0 22
0 25
0 28
0 31
0 34
0 37
0 40
0 43
0 46
0 49
0 52
0 55
0 58
0 61
0 64
0 67
0 70
3 1
3 4
3 7
3 10
3 13
3 16
3 19
3 22
3 25
3 28
3 31
3 34
3 37
3 40
3 43
3 46
3 49
3 52
3 55
3 58
3 61
3 64
3 67
3 70
6 1
6 4
6 7
6 10
6 13
6 16
6 19
6 22
6 25
6 28
6 31
6 34
6 37
6 40
6 43
6 46
6 49
6 52
6 55
6 58
6 61
6 64
6 67
6 70
9 1
9 4
9 7
9 10
9 13
9 16
9 19
9 22
9 25
9 28
9 31
9 34
9 37
9 40
9 43
9 46
9 49
9 52
9 55
9 58
9 61
9 64
9 67
9 70
12 1
12 4
12 7
12 10
12 13
12 16
12 19
12 22
12 25
12 28
12 31
12 34
12 37
12 40
12 43
12 46
12 49
12 52
12 55
12 58
12 61
12 64
12 67
12 70
15 1
15 4
15 7
15 10
15 13
15 16
15 19
15 22
15 25
15 28
15 31
15 34
15 37
15 40
15 43
15 46
15 49
15 52
15 55
15 58
15 61
15 64
15 67
15 70
18 1
18 4
18 7
18 10
18 13
18 16
18 19
18 22
18 25
18 28
18 31
18 34
18 37
18 40
18 43
18 46
18 49
18 52
18 55
18 58
18 61
18 64
18 67
18 70
21 1
21 4
21 7
21 10
21 13
21 16
21 19
21 22
21 25
21 28
21 31
21 34
21 37
21 40
21 43
21 46
21 49
21 52
21 55
21 58
21 61
21 64
21 67
21 70
24 1
24 4
24 7
24 10
24 13
24 16
24 19
24 22
24 25
24 28
24 31
24 34
24 37
24 40
24 43
24 46
24 49
24 52
24 55
24 58
24 61
24 64
24 67
24 70
27 1
27 4
27 7
27 10
27 13
27 16
27 19
27 22
27 25
27 28
27 31
27 34
27 37
27 40
27 43
27 46
27 49
27 52
27 55
27 58
27 61
27 64
27 67
27 70
30 1
30 4
30 7
30 10
30 13
30 16
30 19
30 22
30 25
30 28
30 31
30 34
30 37
30 40
30 43
30 46
30 49
30 52
30 55
30 58
30 61
30 64
30 67
30 70
33 1
33 4
33 7
33 10
33 13
33 16
33 19
33 22
33 25
33 28
33 31
33 34
33 37
33 40
33 43
33 46
33 49
33 52
33 55
33 58
33 61
33 64
33 67
33 70
36 1
36 4
36 7
36 10
36 13
36 16
36 19
36 22
36 25
36 28
36 31
36 34
36 37
36 40
36 43
36 46
36 49
36 52
36 55
36 58
36 61
36 64
36 67
36 70
39 1
39 4
39 7
39 10
39 13
39 16
39 19
39 22
39 25
39 28
39 31
39 34
39 37
39 40
39 43
39 46
39 49
39 52
39 55
39 58
39 61
39 64
39 67
39 70
42 1
42 4
42 7
42 10
42 13
42 16
42 19
42 22
42 25
42 28
42 31
42 34
42 37
42 40
42 43
42 46
42 49
42 52
42 55
42 58
42 61
42 64
42 67
42 70
45 1
45 4
45 7
45 10
45 13
45 16
45 19
45 22
45 25
45 28
45 31
45 34
45 37
45 40
45 43
45 46
45 49
45 52
45 55
45 58
45 61
45 64
45 67
45 70
48 1
48 4
48 7
48 10
48 13
48 16
48 19
48 22
48 25
48 28
48 31
48 34
48 37
48 40
48 43
48 46
48 49
48 52
48 55
48 58
48 61
48 64
48 67
48 70
51 1
51 4
51 7
51 10
51 13
51 16
51 19
51 22
51 25
51 28
51 31
51 34
51 37
51 40
51 43
51 46
51 49
51 52
51 55
51 58
51 61
51 64
51 67
51 70
54 1
54 4
54 7
54 10
54 13
54 16
54 19
54 22
54 25
54 28
54 31
54 34
54 37
54 40
54 43
54 46
54 49
54 52
54 55
54 58
54 61
54 64
54 67
54 70
57 1
57 4
57 7
57 10
57 13
57 16
57 19
57 22
57 25
57 28
57 31
57 34
57 37
57 40
57 43
57 46
57 49
57 52
57 55
57 58
57 61
57 64
57 67
57 70
60 1
60 4
60 7
60 10
60 13
60 16
60 19
60 22
60 25
60 28
60 31
60 34
60 37
60 40
60 43
60 46
60 49
60 52
60 55
60 58
60 61
60 64
60 67
60 70
63 1
63 4
63 7
63 10
63 13
63 16
63 19
63 22
63 25
63 28
63 31
63 34
63 37
63 40
63 43
63 46
63 49
63 52
63 55
63 58
63 61
63 64
63 67
63 70
66 1
66 4
66 7
66 10
66 13
66 16
66 19
66 22
66 25
66 28
66 31
66 34
66 37
66 40
66 43
66 46
66 49
66 52
66 55
66 58
66 61
66 64
66 67
66 70
69 1
69 4
69 7
69 10
69 13
69 16
69 19
69 22
69 25
69 28
69 31
69 34
69 37
69 40
69 43
69 46
69 49
69 52
69 55
69 58
69 61
69 64
69 67
69 70
0 2
0 5
0 8
0 11
0 14
0 17
0 20
0 23
0 26
0 29
0 32
0 35
0 38
0 41
0 44
0 47
0 50
0 53
0 56
0 59
0 62
0 65
0 68
3 2
3 5
3 8
3 11
3 14
3 17
3 20
3 23
3 26
3 29
3 32
3 35
3 38
3 41
3 44
3 47
3 50
3 53
3 56
3 59
3 62
3 65
3 68
6 2
6 5
6 8
6 11
6 14
6 17
6 20
6 23
6 26
6 29
6 32
6 35
6 38
6 41
6 44
6 47
6 50
6 53
6 56
6 59
6 62
6 65
6 68
9 2
9 5
9 8
9 11
9 14
9 17
9 20
9 23
9 26
9 29
9 32
9 35
9 38
9 41
9 44
9 47
9 50
9 53
9 56
9 59
9 62
9 65
9 68
12 2
12 5
12 8
12 11
12 14
12 17
12 20
12 23
12 26
12 29
12 32
12 35
12 38
12 41
12 44
12 47
12 50
12 53
12 56
12 59
12 62
12 65
12 68
15 2
15 5
15 8
15 11
15 14
15 17
15 20
15 23
15 26
15 29
15 32
15 35
15 38
15 41
15 44
15 47
15 50
15 53
15 56
15 59
15 62
15 65
15 68
18 2
18 5
18 8
18 11
18 14
18 17
18 20
18 23
18 26
18 29
18 32
18 35
18 38
18 41
18 44
18 47
18 50
18 53
18 56
18 59
18 62
18 65
18 68
21 2
21 5
21 8
21 11
21 14
21 17
21 20
21 23
21 26
21 29
21 32
21 35
21 38
21 41
21 44
21 47
21 50
21 53
21 56
21 59
21 62
21 65
21 68
24 2
24 5
24 8
24 11
24 14
24 17
24 20
24 23
24 26
24 29
24 32
24 35
24 38
24 41
24 44
24 47
24 50
24 53
24 56
24 59
24 62
24 65
24 68
27 2
27 5
27 8
27 11
27 14
27 17
27 20
27 23
27 26
27 29
27 32
27 35
27 38
27 41
27 44
27 47
27 50
27 53
27 56
27 59
27 62
27 65
27 68
30 2
30 5
30 8
30 11
30 14
30 17
30 20
30 23
30 26
30 29
30 32
30 35
30 38
30 41
30 44
30 47
30 50
30 53
30 56
30 59
30 62
30 65
30 68
33 2
33 5
33 8
33 11
33 14
33 17
33 20
33 23
33 26
33 29
33 32
33 35
33 38
33 41
33 44
33 47
33 50
33 53
33 56
33 59
33 62
33 65
33 68
36 2
36 5
36 8
36 11
36 14
36 17
36 20
36 23
36 26
36 29
36 32
36 35
36 38
36 41
36 44
36 47
36 50
36 53
36 56
36 59
36 62
36 65
36 68
39 2
39 5
39 8
39 11
39 14
39 17
39 20
39 23
39 26
39 29
39 32
39 35
39 38
39 41
39 44
39 47
39 50
39 53
39 56
39 59
39 62
39 65
39 68
42 2
42 5
42 8
42 11
42 14
42 17
42 20
42 23
42 26
42 29
42 32
42 35
42 38
42 41
42 44
42 47
42 50
42 53
42 56
42 59
42 62
42 65
42 68
45 2
45 5
45 8
45 11
45 14
45 17
45 20
45 23
45 26
45 29
45 32
45 35
45 38
45 41
45 44
45 47
45 50
45 53
45 56
45 59
45 62
45 65
45 68
48 2
48 5
48 8
48 11
48 14
48 17
48 20
48 23
48 26
48 29
48 32
48 35
48 38
48 41
48 44
48 47
48 50
48 53
48 56
48 59
48 62
48 65
48 68
51 2
51 5
51 8
51 11
51 14
51 17
51 20
51 23
51 26
51 29
51 32
51 35
51 38
51 41
51 44
51 47
51 50
51 53
51 56
51 59
51 62
51 65
51 68
54 2
54 5
54 8
54 11
54 14
54 17
54 20
54 23
54 26
54 29
54 32
54 35
54 38
54 41
54 44
54 47
54 50
54 53
54 56
54 59
54 62
54 65
54 68
57 2
57 5
57 8
57 11
57 14
57 17
57 20
57 23
57 26
57 29
57 32
57 35
57 38
57 41
57 44
57 47
57 50
57 53
57 56
57 59
57 62
57 65
57 68
60 2
60 5
60 8
60 11
60 14
60 17
60 20
60 23
60 26
60 29
60 32
60 35
60 38
60 41
60 44
60 47
60 50
60 53
60 56
60 59
60 62
60 65
60 68
63 2
63 5
63 8
63 11
63 14
63 17
63 20
63 23
63 26
63 29
63 32
63 35
63 38
63 41
63 44
63 47
63 50
63 53
63 56
63 59
63 62
63 65
63 68
66 2
66 5
66 8
66 11
66 14
66 17
66 20
66 23
66 26
66 29
66 32
66 35
66 38
66 41
66 44
66 47
66 50
66 53
66 56
66 59
66 62
66 65
66 68
69 2
69 5
69 8
69 11
69 14
69 17
69 20
69 23
69 26
69 29
69 32
69 35
69 38
69 41
69 44
69 47
69 50
69 53
69 56
69 59
69 62
69 65
69 68
1 2
1 5
1 8
1 11
1 14
1 17
1 20
1 23
1 26
1 29
1 32
1 35
1 38
1 41
1 44
1 47
1 50
1 53
1 56
1 59
1 62
1 65
1 68
4 2
4 5
4 8
4 11
4 14
4 17
4 20
4 23
4 26
4 29
4 32
4 35
4 38
4 41
4 44
4 47
4 50
4 53
4 56
4 59
4 62
4 65
4 68
7 2
7 5
7 8
7 11
7 14
7 17
7 20
7 23
7 26
7 29
7 32
7 35
7 38
7 41
7 44
7 47
7 50
7 53
7 56
7 59
7 62
7 65
7 68
10 2
10 5
10 8
10 11
10 14
10 17
10 20
10 23
10 26
10 29
10 32
10 35
10 38
10 41
10 44
10 47
10 50
10 53
10 56
10 59
10 62
10 65
10 68
13 2
13 5
13 8
13 11
13 14
13 17
13 20
13 23
13 26
13 29
13 32
13 35
13 38
13 41
13 44
13 47
13 50
13 53
13 56
13 59
13 62
13 65
13 68
16 2
16 5
16 8
16 11
16 14
16 17
16 20
16 23
16 26
16 29
16 32
16 35
16 38
16 41
16 44
16 47
16 50
16 53
16 56
16 59
16 62
16 65
16 68
19 2
19 5
19 8
19 11
19 14
19 17
19 20
19 23
19 26
19 29
19 32
19 35
19 38
19 41
19 44
19 47
19 50
19 53
19 56
19 59
19 62
19 65
19 68
22 2
22 5
22 8
22 11
22 14
22 17
22 20
22 23
22 26
22 29
22 32
22 35
22 38
22 41
22 44
22 47
22 50
22 53
22 56
22 59
22 62
22 65
22 68
25 2
25 5
25 8
25 11
25 14
25 17
25 20
25 23
25 26
25 29
25 32
25 35
25 38
25 41
25 44
25 47
25 50
25 53
25 56
25 59
25 62
25 65
25 68
28 2
28 5
28 8
28 11
28 14
28 17
28 20
28 23
28 26
28 29
28 32
28 35
28 38
28 41
28 44
28 47
28 50
28 53
28 56
28 59
28 62
28 65
28 68
31 2
31 5
31 8
31 11
31 14
31 17
31 20
31 23
31 26
31 29
31 32
31 35
31 38
31 41
31 44
31 47
31 50
31 53
31 56
31 59
31 62
31 65
31 68
34 2
34 5
34 8
34 11
34 14
34 17
34 20
34 23
34 26
34 29
34 32
34 35
34 38
34 41
34 44
34 47
34 50
34 53
34 56
34 59
34 62
34 65
34 68
37 2
37 5
37 8
37 11
37 14
37 17
37 20
37 23
37 26
37 29
37 32
37 35
37 38
37 41
37 44
37 47
37 50
37 53
37 56
37 59
37 62
37 65
37 68
40 2
40 5
40 8
40 11
40 14
40 17
40 20
40 23
40 26
40 29
40 32
40 35
40 38
40 41
40 44
40 47
40 50
40 53
40 56
40 59
40 62
40 65
40 68
43 2
43 5
43 8
43 11
43 14
43 17
43 20
43 23
43 26
43 29
43 32
43 35
43 38
43 41
43 44
43 47
43 50
43 53
43 56
43 59
43 62
43 65
43 68
46 2
46 5
46 8
46 11
46 14
46 17
46 20
46 23
46 26
46 29
46 32
46 35
46 38
46 41
46 44
46 47
46 50
46 53
46 56
46 59
46 62
46 65
46 68
49 2
49 5
49 8
49 11
49 14
