100
6 1 19999 2 19999 3 19999 4 19999 5 19999 6 19999
7 0 1 2 19999 3 19999 4 19999 5 19999 6 19999 7 19999
8 1 1 0 19999 3 19999 4 19999 5 19999 6 19999 7 19999 8 19999
9 2 1 0 19999 1 19999 4 19999 5 19999 6 19999 7 19999 8 19999 9 19999
10 3 1 0 19999 1 19999 2 19999 5 19999 6 19999 7 19999 8 19999 9 19999 10 19999
11 4 1 0 19999 1 19999 2 19999 3 19999 6 19999 7 19999 8 19999 9 19999 10 19999 11 19999
12 5 1 0 19999 1 19999 2 19999 3 19999 4 19999 7 19999 8 19999 9 19999 10 19999 11 19999 12 19999
12 6 1 1 19999 2 19999 3 19999 4 19999 5 19999 8 19999 9 19999 10 19999 11 19999 12 19999 13 19999
12 7 1 2 19999 3 19999 4 19999 5 19999 6 19999 9 19999 10 19999 11 19999 12 19999 13 19999 14 19999
12 8 1 3 19999 4 19999 5 19999 6 19999 7 19999 10 19999 11 19999 12 19999 13 19999 14 19999 15 19999
12 9 1 4 19999 5 19999 6 19999 7 19999 8 19999 11 19999 12 19999 13 19999 14 19999 15 19999 16 19999
12 10 1 5 19999 6 19999 7 19999 8 19999 9 19999 12 19999 13 19999 14 19999 15 19999 16 19999 17 19999
12 11 1 6 19999 7 19999 8 19999 9 19999 10 19999 13 19999 14 19999 15 19999 16 19999 17 19999 18 19999
12 12 1 7 19999 8 19999 9 19999 10 19999 11 19999 14 19999 15 19999 16 19999 17 19999 18 19999 19 19999
12 13 1 8 19999 9 19999 10 19999 11 19999 12 19999 15 19999 16 19999 17 19999 18 19999 19 19999 20 19999
12 14 1 9 19999 10 19999 11 19999 12 19999 13 19999 16 19999 17 19999 18 19999 19 19999 20 19999 21 19999
12 15 1 10 19999 11 19999 12 19999 13 19999 14 19999 17 19999 18 19999 19 19999 20 19999 21 19999 22 19999
12 16 1 11 19999 12 19999 13 19999 14 19999 15 19999 18 19999 19 19999 20 19999 21 19999 22 19999 23 19999
12 17 1 12 19999 13 19999 14 19999 15 19999 16 19999 19 19999 20 19999 21 19999 22 19999 23 19999 24 19999
12 18 1 13 19999 14 19999 15 19999 16 19999 17 19999 20 19999 21 19999 22 19999 23 19999 24 19999 25 19999
12 19 1 14 19999 15 19999 16 19999 17 19999 18 19999 21 19999 22 19999 23 19999 24 19999 25 19999 26 19999
12 20 1 15 19999 16 19999 17 19999 18 19999 19 19999 22 19999 23 19999 24 19999 25 19999 26 19999 27 19999
12 21 1 16 19999 17 19999 18 19999 19 19999 20 19999 23 19999 24 19999 25 19999 26 19999 27 19999 28 19999
12 22 1 17 19999 18 19999 19 19999 20 19999 21 19999 24 19999 25 19999 26 19999 27 19999 28 19999 29 19999
12 23 1 18 19999 19 19999 20 19999 21 19999 22 19999 25 19999 26 19999 27 19999 28 19999 29 19999 30 19999
12 24 1 19 19999 20 19999 21 19999 22 19999 23 19999 26 19999 27 19999 28 19999 29 19999 30 19999 31 19999
12 25 1 20 19999 21 19999 22 19999 23 19999 24 19999 27 19999 28 19999 29 19999 30 19999 31 19999 32 19999
12 26 1 21 19999 22 19999 23 19999 24 19999 25 19999 28 19999 29 19999 30 19999 31 19999 32 19999 33 19999
12 27 1 22 19999 23 19999 24 19999 25 19999 26 19999 29 19999 30 19999 31 19999 32 19999 33 19999 34 19999
12 28 1 23 19999 24 19999 25 19999 26 19999 27 19999 30 19999 31 19999 32 19999 33 19999 34 19999 35 19999
12 29 1 24 19999 25 19999 26 19999 27 19999 28 19999 31 19999 32 19999 33 19999 34 19999 35 19999 36 19999
12 30 1 25 19999 26 19999 27 19999 28 19999 29 19999 32 19999 33 19999 34 19999 35 19999 36 19999 37 19999
12 31 1 26 19999 27 19999 28 19999 29 19999 30 19999 33 19999 34 19999 35 19999 36 19999 37 19999 38 19999
12 32 1 27 19999 28 19999 29 19999 30 19999 31 19999 34 19999 35 19999 36 19999 37 19999 38 19999 39 19999
12 33 1 28 19999 29 19999 30 19999 31 19999 32 19999 35 19999 36 19999 37 19999 38 19999 39 19999 40 19999
12 34 1 29 19999 30 19999 31 19999 32 19999 33 19999 36 19999 37 19999 38 19999 39 19999 40 19999 41 19999
12 35 1 30 19999 31 19999 32 19999 33 19999 34 19999 37 19999 38 19999 39 19999 40 19999 41 19999 42 19999
12 36 1 31 19999 32 19999 33 19999 34 19999 35 19999 38 19999 39 19999 40 19999 41 19999 42 19999 43 19999
12 37 1 32 19999 33 19999 34 19999 35 19999 36 19999 39 19999 40 19999 41 19999 42 19999 43 19999 44 19999
12 38 1 33 19999 34 19999 35 19999 36 19999 37 19999 40 19999 41 19999 42 19999 43 19999 44 19999 45 19999
12 39 1 34 19999 35 19999 36 19999 37 19999 38 19999 41 19999 42 19999 43 19999 44 19999 45 19999 46 19999
12 40 1 35 19999 36 19999 37 19999 38 19999 39 19999 42 19999 43 19999 44 19999 45 19999 46 19999 47 19999
12 41 1 36 19999 37 19999 38 19999 39 19999 40 19999 43 19999 44 19999 45 19999 46 19999 47 19999 48 19999
12 42 1 37 19999 38 19999 39 19999 40 19999 41 19999 44 19999 45 19999 46 19999 47 19999 48 19999 49 19999
12 43 1 38 19999 39 19999 40 19999 41 19999 42 19999 45 19999 46 19999 47 19999 48 19999 49 19999 50 19999
12 44 1 39 19999 40 19999 41 19999 42 19999 43 19999 46 19999 47 19999 48 19999 49 19999 50 19999 51 19999
12 45 1 40 19999 41 19999 42 19999 43 19999 44 19999 47 19999 48 19999 49 19999 50 19999 51 19999 52 19999
12 46 1 41 19999 42 19999 43 19999 44 19999 45 19999 48 19999 49 19999 50 19999 51 19999 52 19999 53 19999
12 47 1 42 19999 43 19999 44 19999 45 19999 46 19999 49 19999 50 19999 51 19999 52 19999 53 19999 54 19999
12 48 1 43 19999 44 19999 45 19999 46 19999 47 19999 50 19999 51 19999 52 19999 53 19999 54 19999 55 19999
12 49 1 44 19999 45 19999 46 19999 47 19999 48 19999 51 19999 52 19999 53 19999 54 19999 55 19999 56 19999
12 50 1 45 19999 46 19999 47 19999 48 19999 49 19999 52 19999 53 19999 54 19999 55 19999 56 19999 57 19999
12 51 1 46 19999 47 19999 48 19999 49 19999 50 19999 53 19999 54 19999 55 19999 56 19999 57 19999 58 19999
12 52 1 47 19999 48 19999 49 19999 50 19999 51 19999 54 19999 55 19999 56 19999 57 19999 58 19999 59 19999
12 53 1 48 19999 49 19999 50 19999 51 19999 52 19999 55 19999 56 19999 57 19999 58 19999 59 19999 60 19999
12 54 1 49 19999 50 19999 51 19999 52 19999 53 19999 56 19999 57 19999 58 19999 59 19999 60 19999 61 19999
12 55 1 50 19999 51 19999 52 19999 53 19999 54 19999 57 19999 58 19999 59 19999 60 19999 61 19999 62 19999
12 56 1 51 19999 52 19999 53 19999 54 19999 55 19999 58 19999 59 19999 60 19999 61 19999 62 19999 63 19999
12 57 1 52 19999 53 19999 54 19999 55 19999 56 19999 59 19999 60 19999 61 19999 62 19999 63 19999 64 19999
12 58 1 53 19999 54 19999 55 19999 56 19999 57 19999 60 19999 61 19999 62 19999 63 19999 64 19999 65 19999
12 59 1 54 19999 55 19999 56 19999 57 19999 58 19999 61 19999 62 19999 63 19999 64 19999 65 19999 66 19999
12 60 1 55 19999 56 19999 57 19999 58 19999 59 19999 62 19999 63 19999 64 19999 65 19999 66 19999 67 19999
12 61 1 56 19999 57 19999 58 19999 59 19999 60 19999 63 19999 64 19999 65 19999 66 19999 67 19999 68 19999
12 62 1 57 19999 58 19999 59 19999 60 19999 61 19999 64 19999 65 19999 66 19999 67 19999 68 19999 69 19999
12 63 1 58 19999 59 19999 60 19999 61 19999 62 19999 65 19999 66 19999 67 19999 68 19999 69 19999 70 19999
12 64 1 59 19999 60 19999 61 19999 62 19999 63 19999 66 19999 67 19999 68 19999 69 19999 70 19999 71 19999
12 65 1 60 19999 61 19999 62 19999 63 19999 64 19999 67 19999 68 19999 69 19999 70 19999 71 19999 72 19999
12 66 1 61 19999 62 19999 63 19999 64 19999 65 19999 68 19999 69 19999 70 19999 71 19999 72 19999 73 19999
12 67 1 62 19999 63 19999 64 19999 65 19999 66 19999 69 19999 70 19999 71 19999 72 19999 73 19999 74 19999
12 68 1 63 19999 64 19999 65 19999 66 19999 67 19999 70 19999 71 19999 72 19999 73 19999 74 19999 75 19999
12 69 1 64 19999 65 19999 66 19999 67 19999 68 19999 71 19999 72 19999 73 19999 74 19999 75 19999 76 19999
12 70 1 65 19999 66 19999 67 19999 68 19999 69 19999 72 19999 73 19999 74 19999 75 19999 76 19999 77 19999
12 71 1 66 19999 67 19999 68 19999 69 19999 70 19999 73 19999 74 19999 75 19999 76 19999 77 19999 78 19999
12 72 1 67 19999 68 19999 69 19999 70 19999 71 19999 74 19999 75 19999 76 19999 77 19999 78 19999 79 19999
12 73 1 68 19999 69 19999 70 19999 71 19999 72 19999 75 19999 76 19999 77 19999 78 19999 79 19999 80 19999
12 74 1 69 19999 70 19999 71 19999 72 19999 73 19999 76 19999 77 19999 78 19999 79 19999 80 19999 81 19999
12 75 1 70 19999 71 19999 72 19999 73 19999 74 19999 77 19999 78 19999 79 19999 80 19999 81 19999 82 19999
12 76 1 71 19999 72 19999 73 19999 74 19999 75 19999 78 19999 79 19999 80 19999 81 19999 82 19999 83 19999
12 77 1 72 19999 73 19999 74 19999 75 19999 76 19999 79 19999 80 19999 81 19999 82 19999 83 19999 84 19999
12 78 1 73 19999 74 19999 75 19999 76 19999 77 19999 80 19999 81 19999 82 19999 83 19999 84 19999 85 19999
12 79 1 74 19999 75 19999 76 19999 77 19999 78 19999 81 19999 82 19999 83 19999 84 19999 85 19999 86 19999
12 80 1 75 19999 76 19999 77 19999 78 19999 79 19999 82 19999 83 19999 84 19999 85 19999 86 19999 87 19999
12 81 1 76 19999 77 19999 78 19999 79 19999 80 19999 83 19999 84 19999 85 19999 86 19999 87 19999 88 19999
12 82 1 77 19999 78 19999 79 19999 80 19999 81 19999 84 19999 85 19999 86 19999 87 19999 88 19999 89 19999
12 83 1 78 19999 79 19999 80 19999 81 19999 82 19999 85 19999 86 19999 87 19999 88 19999 89 19999 90 19999
12 84 1 79 19999 80 19999 81 19999 82 19999 83 19999 86 19999 87 19999 88 19999 89 19999 90 19999 91 19999
12 85 1 80 19999 81 19999 82 19999 83 19999 84 19999 87 19999 88 19999 89 19999 90 19999 91 19999 92 19999
2 86 1 81 19999
1 87 1
1 88 1
1 89 1
1 90 1
1 91 1
1 92 1
1 93 1
1 94 1
1 95 1
1 96 1
1 97 1
1 98 1
10
99 0
99 0
99 0
99 0
99 0
99 0
99 0
99 0
99 0
99 0
